image: diff_drive.pgm
resolution: 0.050000
origin: [-4.813650, -11.327000, 0.0]
negate: 0
occupied_thresh: 0.65
free_thresh: 0.196
